64
24 36 3 60 
2 45 33 9 
1 62 50 14 
63 23 51 0 
6 56 48 8 
7 37 45 17 
50 26 18 4 
19 5 55 27 
52 11 44 4 
10 61 1 29 
62 50 46 9 
63 47 55 8 
24 14 20 40 
37 15 57 17 
2 12 26 54 
47 39 55 13 
19 24 36 32 
5 18 25 13 
6 54 17 34 
7 23 59 16 
21 28 12 52 
53 33 20 41 
23 62 54 42 
22 47 19 3 
26 12 16 0 
49 27 17 41 
24 6 30 14 
43 7 59 25 
56 31 44 20 
61 33 30 9 
26 46 34 29 
63 28 59 51 
16 44 35 40 
21 1 34 29 
58 33 18 30 
43 39 51 32 
37 16 60 0 
36 49 5 13 
58 39 46 42 
43 15 35 38 
43 12 32 48 
21 49 25 42 
58 22 38 41 
39 27 35 40 
28 45 32 8 
1 53 5 44 
10 47 30 38 
23 15 46 11 
50 56 4 40 
37 51 25 41 
10 2 6 48 
49 3 31 35 
54 20 60 8 
21 45 55 57 
22 52 18 14 
53 7 15 11 
28 59 48 4 
58 61 53 13 
57 34 38 42 
19 56 31 27 
61 36 52 0 
57 9 60 29 
63 10 22 2 
62 3 31 11 
